('wei', tensor([[0.0102, 0.1020, 0.1768, 0.1580, 0.1079, 0.3572, 0.2974, 0.1656, 0.1328,
         0.1790, 0.3238, 0.1764, 0.2202, 0.0256, 0.1465, 0.0444, 0.0106, 0.0681,
         0.3245, 0.2692, 0.0676, 0.1206, 0.2756, 0.1183, 0.0723, 0.0548, 0.0976,
         0.1064, 0.1707, 0.1104],
        [0.1985, 0.1274, 0.2234, 0.2461, 0.1151, 0.3529, 0.1555, 0.0385, 0.4172,
         0.1042, 0.0446, 0.0666, 0.1577, 0.0347, 0.0501, 0.1462, 0.2942, 0.1668,
         0.0462, 0.1798, 0.1217, 0.1633, 0.0454, 0.2222, 0.0820, 0.0637, 0.0318,
         0.0467, 0.0834, 0.1320],
        [0.1110, 0.0440, 0.3669, 0.1975, 0.0824, 0.0190, 0.2477, 0.1029, 0.1678,
         0.1129, 0.1559, 0.0170, 0.0011, 0.1082, 0.2112, 0.0395, 0.1525, 0.2374,
         0.0254, 0.1304, 0.0517, 0.3070, 0.1783, 0.0280, 0.1102, 0.0801, 0.0787,
         0.3164, 0.2505, 0.0831],
        [0.0505, 0.1838, 0.2330, 0.1110, 0.0791, 0.1536, 0.2519, 0.4052, 0.2121,
         0.0545, 0.2605, 0.2538, 0.0127, 0.0279, 0.0401, 0.0832, 0.0736, 0.0937,
         0.1775, 0.1254, 0.2531, 0.2820, 0.1045, 0.2511, 0.1842, 0.2934, 0.0701,
         0.0594, 0.0978, 0.2551],
        [0.1216, 0.2172, 0.1238, 0.0688, 0.1818, 0.2584, 0.0175, 0.0601, 0.0104,
         0.1265, 0.0033, 0.0066, 0.3475, 0.0628, 0.0677, 0.0756, 0.1488, 0.1088,
         0.2714, 0.0042, 0.1291, 0.0334, 0.0994, 0.0289, 0.2893, 0.0341, 0.3468,
         0.1130, 0.0504, 0.0945],
        [0.0332, 0.2038, 0.0584, 0.2036, 0.2332, 0.0199, 0.0265, 0.1159, 0.0992,
         0.2200, 0.1598, 0.2438, 0.1176, 0.0221, 0.1549, 0.0238, 0.2491, 0.2342,
         0.3061, 0.1182, 0.0127, 0.0527, 0.0374, 0.0131, 0.0924, 0.3497, 0.2502,
         0.1171, 0.1715, 0.6377],
        [0.0509, 0.0291, 0.0862, 0.1477, 0.3637, 0.0308, 0.3579, 0.2244, 0.3640,
         0.0341, 0.0144, 0.0911, 0.2203, 0.1750, 0.0109, 0.2221, 0.0629, 0.2453,
         0.0654, 0.0107, 0.3285, 0.2661, 0.2375, 0.2876, 0.1923, 0.0628, 0.4761,
         0.0600, 0.0716, 0.0114],
        [0.2658, 0.1821, 0.0231, 0.0223, 0.1585, 0.0344, 0.0711, 0.1557, 0.1610,
         0.1006, 0.0571, 0.0012, 0.4163, 0.0610, 0.1222, 0.0547, 0.1690, 0.1229,
         0.0798, 0.1849, 0.0876, 0.3622, 0.2398, 0.1349, 0.0158, 0.0371, 0.1669,
         0.1894, 0.1080, 0.2378],
        [0.1969, 0.1079, 0.0573, 0.1994, 0.0058, 0.0966, 0.0161, 0.0575, 0.1145,
         0.1054, 0.1169, 0.2479, 0.0630, 0.3442, 0.3688, 0.2570, 0.1657, 0.0897,
         0.1057, 0.0835, 0.1679, 0.2691, 0.1685, 0.0367, 0.2430, 0.3494, 0.0278,
         0.2602, 0.0679, 0.0896],
        [0.0248, 0.0303, 0.2181, 0.0786, 0.0754, 0.1268, 0.1007, 0.3987, 0.1562,
         0.0788, 0.2094, 0.0149, 0.0522, 0.1505, 0.0158, 0.2281, 0.0502, 0.1117,
         0.0979, 0.3293, 0.2164, 0.0949, 0.0550, 0.0432, 0.0644, 0.1933, 0.0810,
         0.2657, 0.1586, 0.0584],
        [0.3683, 0.0762, 0.0189, 0.2328, 0.0223, 0.0029, 0.1231, 0.0424, 0.0652,
         0.2575, 0.1686, 0.0297, 0.2288, 0.1459, 0.0520, 0.0609, 0.2197, 0.1984,
         0.0851, 0.0617, 0.4067, 0.1774, 0.1474, 0.3455, 0.0558, 0.0760, 0.0680,
         0.1997, 0.0091, 0.0483],
        [0.1847, 0.1487, 0.4863, 0.0402, 0.1517, 0.2449, 0.2676, 0.0695, 0.0741,
         0.2366, 0.0802, 0.0400, 0.2144, 0.0490, 0.1948, 0.3419, 0.2529, 0.1049,
         0.1135, 0.2470, 0.1740, 0.1723, 0.2087, 0.0717, 0.1583, 0.0489, 0.1698,
         0.4604, 0.1182, 0.1016],
        [0.4091, 0.0862, 0.3038, 0.1374, 0.1481, 0.0640, 0.0165, 0.2137, 0.1173,
         0.0193, 0.0332, 0.1365, 0.2375, 0.0139, 0.1430, 0.0090, 0.1865, 0.1400,
         0.1405, 0.2023, 0.0380, 0.1071, 0.0493, 0.1472, 0.0161, 0.2942, 0.1313,
         0.2247, 0.0541, 0.1419],
        [0.1278, 0.1964, 0.4299, 0.1593, 0.0370, 0.0085, 0.4237, 0.1395, 0.0786,
         0.1195, 0.0891, 0.5102, 0.2642, 0.1573, 0.0163, 0.1413, 0.1432, 0.0099,
         0.0556, 0.1524, 0.1380, 0.0814, 0.2738, 0.4523, 0.3725, 0.2691, 0.0049,
         0.2317, 0.1175, 0.4004],
        [0.1673, 0.2135, 0.1268, 0.0287, 0.1350, 0.0181, 0.1298, 0.0373, 0.1624,
         0.4198, 0.2222, 0.1930, 0.0389, 0.1528, 0.0163, 0.0617, 0.0199, 0.1031,
         0.0615, 0.0451, 0.0196, 0.2243, 0.2014, 0.0165, 0.1852, 0.2230, 0.0340,
         0.2027, 0.1313, 0.2439],
        [0.1847, 0.0094, 0.0793, 0.0499, 0.0040, 0.0357, 0.1530, 0.1502, 0.0649,
         0.3661, 0.0140, 0.3040, 0.1490, 0.0537, 0.1027, 0.1273, 0.0983, 0.1296,
         0.3356, 0.1887, 0.0027, 0.0037, 0.3853, 0.0550, 0.0600, 0.0913, 0.0255,
         0.0017, 0.1877, 0.2709],
        [0.0349, 0.1582, 0.2011, 0.0713, 0.0418, 0.0173, 0.1361, 0.4152, 0.0767,
         0.1154, 0.3292, 0.2635, 0.2140, 0.1291, 0.1814, 0.0779, 0.3337, 0.0783,
         0.2067, 0.0458, 0.0771, 0.2922, 0.1847, 0.2004, 0.0745, 0.0362, 0.1681,
         0.1698, 0.0378, 0.1635],
        [0.0680, 0.0264, 0.0575, 0.0316, 0.0257, 0.2391, 0.1067, 0.0521, 0.0461,
         0.0052, 0.1617, 0.2141, 0.0515, 0.1726, 0.0475, 0.1233, 0.2380, 0.0552,
         0.1090, 0.0400, 0.2379, 0.1308, 0.1009, 0.2041, 0.1032, 0.0282, 0.1666,
         0.2105, 0.0413, 0.1951],
        [0.2346, 0.3561, 0.1700, 0.3259, 0.0533, 0.1700, 0.0457, 0.1061, 0.1127,
         0.4102, 0.1139, 0.4553, 0.0487, 0.0658, 0.1380, 0.0856, 0.0944, 0.1833,
         0.2972, 0.0859, 0.0150, 0.3321, 0.3611, 0.0950, 0.1731, 0.3794, 0.0514,
         0.1105, 0.0376, 0.2302],
        [0.0699, 0.1645, 0.1053, 0.0081, 0.1712, 0.0188, 0.0888, 0.1139, 0.1074,
         0.0935, 0.0729, 0.0055, 0.2175, 0.0438, 0.0081, 0.0941, 0.1211, 0.0257,
         0.4669, 0.0200, 0.1765, 0.0811, 0.2129, 0.2349, 0.0845, 0.0850, 0.1710,
         0.1983, 0.0402, 0.2501],
        [0.1221, 0.0426, 0.0285, 0.0702, 0.1885, 0.3998, 0.2355, 0.0206, 0.1293,
         0.0999, 0.1917, 0.0985, 0.0821, 0.2191, 0.0357, 0.1446, 0.1500, 0.1250,
         0.1551, 0.0369, 0.3615, 0.0460, 0.0023, 0.0574, 0.0855, 0.4100, 0.2674,
         0.0761, 0.0555, 0.2903],
        [0.0090, 0.1136, 0.1539, 0.2727, 0.2786, 0.2272, 0.4366, 0.0142, 0.1533,
         0.2890, 0.2904, 0.1904, 0.3501, 0.0399, 0.2621, 0.2962, 0.1573, 0.2668,
         0.0455, 0.2024, 0.0790, 0.1568, 0.0572, 0.3373, 0.4170, 0.1150, 0.2418,
         0.1866, 0.1733, 0.3600],
        [0.1000, 0.1345, 0.1281, 0.0824, 0.0734, 0.2529, 0.1140, 0.0482, 0.0900,
         0.2839, 0.0193, 0.0991, 0.0442, 0.0415, 0.1356, 0.0526, 0.0104, 0.0231,
         0.0348, 0.0120, 0.0752, 0.0710, 0.1897, 0.0426, 0.1119, 0.2773, 0.0913,
         0.2819, 0.0350, 0.0389],
        [0.1076, 0.3043, 0.1972, 0.0501, 0.1349, 0.1682, 0.0537, 0.1411, 0.1833,
         0.1241, 0.1031, 0.0579, 0.3067, 0.0830, 0.0834, 0.0619, 0.0174, 0.2209,
         0.1572, 0.0219, 0.4451, 0.1762, 0.0937, 0.2415, 0.0330, 0.2232, 0.2181,
         0.3567, 0.0240, 0.0669],
        [0.1422, 0.0117, 0.2727, 0.3110, 0.1112, 0.0794, 0.0685, 0.0835, 0.0436,
         0.1558, 0.0261, 0.0466, 0.2069, 0.0668, 0.1409, 0.0901, 0.2830, 0.3604,
         0.0260, 0.0541, 0.1829, 0.0729, 0.2419, 0.0195, 0.2361, 0.0008, 0.0135,
         0.0629, 0.2710, 0.1020],
        [0.1672, 0.0708, 0.0050, 0.1328, 0.0694, 0.0263, 0.1618, 0.4372, 0.2350,
         0.0009, 0.0255, 0.3449, 0.2318, 0.5098, 0.1533, 0.1086, 0.0590, 0.5219,
         0.0877, 0.1429, 0.1230, 0.1248, 0.0223, 0.1031, 0.0396, 0.0624, 0.2714,
         0.0767, 0.1138, 0.2461],
        [0.0993, 0.0206, 0.1340, 0.0707, 0.0757, 0.1825, 0.2280, 0.1634, 0.1057,
         0.4758, 0.1943, 0.1532, 0.0746, 0.1417, 0.0626, 0.0183, 0.0738, 0.1884,
         0.3229, 0.0201, 0.3448, 0.1270, 0.0125, 0.0343, 0.1502, 0.0080, 0.6163,
         0.0837, 0.0618, 0.2820],
        [0.1373, 0.0043, 0.2262, 0.0626, 0.0719, 0.2630, 0.1218, 0.0321, 0.0530,
         0.5803, 0.0240, 0.0322, 0.1806, 0.0773, 0.0211, 0.1675, 0.0498, 0.1324,
         0.3107, 0.3850, 0.2252, 0.0090, 0.0643, 0.0608, 0.0785, 0.3056, 0.0451,
         0.0632, 0.0126, 0.1156],
        [0.0123, 0.0327, 0.2072, 0.3026, 0.3744, 0.1395, 0.2045, 0.2342, 0.0017,
         0.3259, 0.0675, 0.3668, 0.0433, 0.4179, 0.4798, 0.1384, 0.0191, 0.0517,
         0.1001, 0.2214, 0.1871, 0.3721, 0.1428, 0.2430, 0.1802, 0.1186, 0.1377,
         0.0787, 0.1700, 0.0541],
        [0.1288, 0.1416, 0.2398, 0.0228, 0.1329, 0.1231, 0.1263, 0.1822, 0.2731,
         0.3980, 0.1073, 0.1975, 0.0271, 0.0972, 0.0469, 0.0279, 0.1855, 0.3708,
         0.0709, 0.3527, 0.1814, 0.0118, 0.0331, 0.2559, 0.1584, 0.0124, 0.1519,
         0.0755, 0.0371, 0.0388]]))
('wie', tensor([[2.7340e-01, 1.1286e-01, 2.7481e-01, 8.8074e-03, 1.5890e-01, 1.3843e-01,
         2.9669e-01, 4.0446e-02, 3.3128e-02, 2.0649e-01, 1.1169e-01, 1.7125e-01,
         2.2692e-01, 2.1098e-01, 2.8293e-01, 9.8113e-02, 3.2186e-01, 9.7274e-02,
         2.0103e-01, 4.1044e-02, 2.2617e-01, 3.5451e-02, 1.1566e-01, 3.0315e-01,
         9.9831e-02, 1.7859e-01, 2.0728e-01, 1.4474e-02, 2.3965e-01, 3.2598e-01],
        [2.4505e-01, 1.8529e-01, 5.1804e-02, 2.6810e-01, 2.9392e-02, 2.9819e-01,
         7.6174e-03, 4.8931e-02, 6.8775e-02, 5.2039e-02, 2.0916e-01, 3.5979e-01,
         3.5589e-01, 2.8823e-02, 1.1738e-01, 6.3432e-02, 8.0001e-02, 1.4552e-01,
         1.2812e-01, 9.7898e-02, 5.8752e-02, 2.1074e-01, 2.0582e-01, 1.6502e-01,
         1.6681e-01, 6.3049e-03, 2.3432e-01, 3.8801e-01, 1.5116e-01, 1.3769e-03],
        [3.3388e-01, 1.4649e-01, 4.6637e-01, 6.3898e-02, 1.3693e-01, 9.9584e-02,
         1.6008e-02, 1.6413e-01, 9.3523e-02, 4.1157e-02, 4.6285e-02, 4.4164e-03,
         3.9913e-01, 1.6206e-02, 1.2772e-01, 2.3036e-01, 1.5382e-01, 2.5190e-01,
         1.6191e-02, 1.4734e-03, 8.3941e-02, 3.4311e-01, 1.5677e-01, 1.4089e-01,
         5.7084e-02, 1.4775e-01, 7.0571e-02, 4.5989e-02, 1.4423e-01, 2.7924e-01],
        [9.4538e-02, 1.8345e-01, 2.5582e-01, 1.0797e-01, 1.3981e-02, 3.2212e-02,
         6.2395e-02, 4.0333e-02, 3.9028e-02, 1.0890e-01, 1.7883e-01, 1.2574e-01,
         1.8277e-01, 1.8893e-01, 1.1192e-01, 1.8253e-01, 2.5760e-02, 2.8835e-02,
         1.3081e-01, 7.6934e-02, 1.0039e-01, 2.4156e-01, 1.1325e-01, 2.5948e-01,
         1.0407e-01, 1.4538e-01, 2.4929e-02, 1.0557e-01, 3.0871e-02, 1.5169e-01],
        [1.2035e-02, 2.3291e-01, 3.2620e-02, 2.0392e-01, 1.3167e-01, 1.1293e-01,
         1.8241e-01, 1.0572e-01, 2.3611e-01, 2.8216e-02, 1.9952e-03, 1.3887e-01,
         7.7935e-02, 2.1162e-02, 1.3832e-01, 7.9979e-02, 3.1657e-01, 4.4335e-02,
         5.5656e-02, 2.2157e-01, 2.4511e-02, 1.0685e-02, 1.5395e-01, 3.9860e-02,
         2.0601e-01, 2.0397e-01, 2.3412e-01, 2.2576e-01, 2.3382e-02, 5.8994e-02],
        [2.8460e-02, 3.7599e-02, 6.3249e-02, 3.0174e-02, 3.2595e-01, 1.5069e-01,
         3.1110e-01, 1.9362e-01, 3.4921e-02, 9.8366e-02, 1.1539e-01, 6.1643e-02,
         2.3141e-01, 2.4057e-01, 1.4747e-01, 7.1534e-03, 1.3163e-01, 2.8229e-02,
         3.0937e-01, 3.5389e-02, 9.0382e-02, 2.4098e-01, 3.9582e-01, 9.6666e-03,
         3.8049e-01, 5.4561e-02, 4.8815e-02, 1.0214e-01, 1.7674e-01, 3.6901e-01],
        [5.6951e-02, 3.1997e-02, 1.2539e-01, 4.3807e-02, 2.4113e-02, 1.0810e-01,
         1.9401e-01, 2.0104e-01, 6.2606e-02, 1.0748e-01, 1.9754e-01, 2.1178e-01,
         7.3166e-02, 7.4424e-02, 2.1608e-01, 7.3754e-02, 3.1096e-01, 1.0492e-01,
         1.5802e-01, 2.8433e-03, 4.4074e-02, 9.2175e-02, 8.1453e-02, 3.4424e-02,
         1.9889e-01, 1.5473e-02, 2.8411e-01, 1.9182e-01, 5.3551e-02, 1.4270e-01],
        [4.2374e-02, 2.3068e-01, 4.6318e-01, 1.7353e-01, 2.5272e-01, 3.8891e-03,
         1.8256e-01, 1.8075e-01, 1.4965e-01, 7.4133e-02, 2.3616e-01, 8.5190e-02,
         1.1146e-01, 1.6488e-01, 1.3686e-02, 8.7853e-02, 1.3268e-01, 1.1334e-01,
         7.1180e-02, 1.2130e-01, 4.1039e-02, 1.4391e-01, 2.0622e-01, 1.1450e-02,
         2.7455e-01, 8.3937e-02, 5.7445e-02, 6.0966e-02, 1.5358e-01, 2.2140e-01],
        [3.1086e-02, 1.8534e-01, 5.3997e-03, 5.0319e-02, 6.4256e-02, 2.2345e-01,
         2.3126e-01, 2.9177e-01, 2.1536e-01, 5.7786e-02, 7.6780e-02, 3.1087e-02,
         2.9871e-01, 2.7209e-01, 1.9321e-01, 1.0437e-01, 5.0891e-02, 3.2838e-01,
         3.4840e-01, 5.7712e-02, 2.2229e-02, 9.8229e-02, 1.1361e-01, 5.8033e-03,
         6.0112e-02, 5.1479e-02, 1.0768e-01, 1.3779e-01, 3.9176e-01, 2.6586e-01],
        [3.9007e-01, 9.4890e-03, 1.7780e-01, 9.0682e-02, 1.0424e-01, 2.2428e-01,
         2.7460e-01, 1.2435e-01, 8.1550e-03, 7.6540e-02, 5.0561e-01, 2.4537e-01,
         4.7580e-02, 3.5816e-03, 1.8697e-01, 3.2881e-02, 1.8719e-01, 1.7470e-01,
         2.0558e-01, 4.0002e-01, 3.0233e-01, 3.5792e-01, 1.2633e-01, 5.1343e-02,
         1.0589e-01, 1.0294e-01, 6.7481e-02, 2.3921e-01, 2.4206e-02, 6.2273e-02],
        [3.6792e-01, 4.0979e-01, 2.2450e-01, 7.9663e-02, 4.6368e-02, 2.4121e-02,
         2.4994e-01, 5.4063e-02, 7.1168e-04, 1.8229e-01, 8.2183e-02, 6.5727e-02,
         3.3016e-01, 7.4797e-02, 2.0321e-01, 1.4881e-02, 1.8736e-02, 6.6752e-02,
         2.1667e-01, 2.5716e-01, 1.6517e-01, 7.2298e-02, 4.8684e-02, 1.6615e-01,
         6.7972e-02, 1.3488e-01, 4.2313e-02, 1.6828e-01, 8.9579e-02, 5.0193e-02],
        [2.6503e-01, 2.1719e-02, 2.2097e-01, 1.4091e-01, 3.9562e-01, 1.2663e-01,
         8.1515e-02, 6.4602e-02, 7.6151e-02, 2.7192e-01, 1.2469e-01, 6.8176e-02,
         2.7122e-01, 9.7506e-02, 1.2317e-02, 1.2011e-01, 2.6401e-01, 2.8572e-01,
         2.1739e-01, 6.6314e-02, 4.1410e-02, 1.8441e-01, 8.5942e-02, 1.7409e-01,
         2.5231e-02, 9.4826e-02, 5.1732e-02, 2.1023e-01, 1.4917e-01, 7.1252e-02],
        [4.2047e-01, 5.6570e-02, 1.5736e-01, 8.9267e-02, 2.2017e-01, 1.3894e-01,
         1.3109e-02, 8.9379e-02, 7.2241e-02, 1.1188e-01, 2.7540e-01, 2.0219e-01,
         3.0213e-01, 2.8848e-02, 2.7417e-02, 1.7679e-01, 3.5181e-01, 1.3125e-01,
         3.2844e-02, 1.2581e-01, 2.7100e-01, 7.0634e-02, 2.5464e-01, 1.6086e-01,
         1.4346e-06, 1.1279e-01, 2.7776e-02, 1.2374e-02, 3.8299e-01, 2.8010e-01],
        [4.2456e-03, 2.2326e-01, 5.4991e-02, 2.2325e-01, 1.7878e-01, 1.5915e-01,
         4.9651e-01, 4.5703e-01, 1.5599e-01, 2.0939e-01, 5.4677e-02, 1.3341e-01,
         1.8053e-01, 2.0965e-01, 2.7187e-01, 1.7535e-01, 1.4522e-01, 5.4452e-02,
         6.4861e-02, 8.7813e-02, 9.4260e-02, 1.4377e-01, 2.9729e-01, 2.6811e-01,
         3.2966e-02, 2.2929e-02, 3.2569e-02, 1.5854e-01, 1.1862e-01, 2.3415e-01],
        [1.1730e-01, 3.0738e-01, 3.2379e-01, 3.1411e-01, 1.2678e-01, 1.2069e-01,
         3.7687e-01, 9.3993e-02, 2.0533e-01, 2.3689e-01, 3.6213e-01, 1.2768e-01,
         1.9541e-01, 8.2353e-02, 1.5563e-01, 1.4772e-01, 1.3781e-01, 1.3733e-01,
         7.4846e-02, 2.8561e-01, 1.2780e-01, 1.4840e-01, 2.0514e-01, 6.1099e-02,
         1.3079e-01, 9.4486e-02, 3.4406e-01, 2.3095e-03, 1.4272e-01, 4.8486e-02],
        [3.2974e-01, 8.0903e-02, 2.4918e-01, 4.0912e-01, 3.7495e-01, 1.2088e-01,
         1.5819e-01, 1.6733e-01, 3.7381e-01, 1.3917e-01, 3.7785e-02, 9.5123e-03,
         8.5252e-02, 3.3005e-01, 1.3922e-01, 1.2866e-01, 1.8621e-01, 7.6958e-02,
         5.6048e-02, 1.3493e-02, 4.8348e-02, 7.5648e-02, 7.5374e-02, 1.3595e-01,
         6.0594e-02, 2.0681e-01, 7.8593e-02, 1.1086e-01, 1.1061e-01, 2.2729e-02],
        [1.6502e-01, 2.9774e-01, 2.0383e-02, 1.6046e-01, 1.3324e-01, 2.3543e-01,
         1.5283e-01, 2.3858e-01, 1.2194e-02, 6.5389e-02, 1.0723e-01, 3.9649e-01,
         2.0321e-01, 1.6239e-02, 1.2401e-01, 6.0622e-02, 1.3085e-01, 2.4845e-01,
         1.0021e-01, 2.8772e-01, 1.7218e-01, 6.8517e-02, 1.3261e-01, 9.6564e-03,
         3.0219e-01, 2.4642e-01, 3.5015e-01, 1.3982e-01, 1.1652e-01, 7.6851e-02],
        [1.8455e-02, 4.6777e-02, 1.8702e-02, 1.2260e-02, 7.5906e-05, 2.1414e-01,
         1.1452e-01, 3.1400e-02, 4.5548e-01, 2.7638e-02, 1.7785e-01, 3.9538e-02,
         8.6918e-02, 3.5094e-01, 1.4711e-01, 8.7153e-02, 4.2280e-01, 9.2156e-02,
         1.0290e-01, 1.5058e-01, 1.9967e-01, 1.8225e-01, 2.4589e-01, 1.4815e-01,
         2.5116e-01, 6.6804e-02, 1.6238e-01, 1.9313e-01, 3.2728e-01, 1.9251e-01],
        [5.1331e-02, 7.4367e-02, 4.3416e-01, 8.3219e-02, 1.7369e-01, 1.2759e-02,
         8.0449e-02, 1.7010e-01, 2.4089e-01, 5.0602e-03, 2.5359e-01, 9.9232e-02,
         2.0330e-01, 1.5771e-02, 4.6141e-02, 1.0597e-01, 3.8636e-02, 1.2513e-01,
         6.3705e-02, 3.5087e-03, 2.4566e-02, 4.6371e-01, 3.5895e-02, 1.7414e-02,
         4.6024e-01, 1.7720e-04, 1.1926e-01, 1.3174e-02, 1.3596e-01, 1.3307e-01],
        [2.4077e-01, 7.7903e-02, 3.3964e-02, 1.6855e-01, 2.2990e-01, 8.6259e-02,
         2.9509e-01, 6.0559e-02, 8.4797e-02, 1.9808e-01, 1.2053e-02, 9.9285e-02,
         2.3508e-01, 1.0758e-01, 1.3721e-01, 3.9975e-01, 1.1409e-01, 7.6290e-02,
         2.0294e-01, 1.0132e-02, 1.7835e-01, 2.5884e-01, 1.0153e-01, 2.1476e-01,
         2.9286e-01, 3.3051e-01, 1.0592e-03, 4.8614e-02, 2.7055e-01, 1.0845e-01],
        [8.4632e-02, 2.4377e-01, 2.6701e-01, 8.1654e-02, 7.7240e-02, 2.9445e-02,
         2.2220e-01, 1.5806e-01, 1.3589e-01, 9.9451e-02, 4.1765e-02, 2.4260e-01,
         4.3156e-02, 1.2450e-01, 4.0042e-02, 3.4778e-01, 3.6540e-02, 1.1983e-01,
         1.4725e-01, 1.1042e-01, 3.8303e-02, 1.3308e-01, 6.8666e-02, 7.1712e-02,
         2.7143e-01, 8.1277e-02, 1.8406e-01, 3.5039e-02, 8.9399e-02, 1.6992e-01],
        [2.7707e-01, 1.3020e-02, 1.3296e-01, 7.8591e-02, 8.3354e-02, 2.9055e-02,
         1.7727e-01, 1.8009e-01, 4.0038e-01, 9.4758e-02, 4.0736e-02, 1.4131e-01,
         1.9214e-01, 6.4283e-02, 1.0673e-01, 1.5493e-01, 4.0652e-02, 1.5515e-02,
         2.3130e-01, 3.5471e-02, 1.6695e-01, 2.1454e-01, 2.6469e-01, 6.3136e-02,
         2.2105e-01, 6.0044e-03, 5.2662e-02, 1.9478e-02, 1.6862e-01, 1.0398e-01],
        [1.6240e-01, 1.3761e-02, 1.3618e-01, 2.8896e-02, 3.4084e-01, 8.8701e-02,
         2.2413e-01, 4.1482e-03, 6.7506e-02, 1.7752e-02, 1.4479e-01, 1.0499e-01,
         2.5484e-01, 6.7884e-02, 6.4317e-02, 1.4989e-01, 4.2368e-02, 3.2341e-02,
         2.6922e-01, 2.7231e-01, 2.2234e-01, 1.3934e-01, 2.2735e-01, 2.4349e-01,
         9.2517e-02, 2.5291e-02, 2.3956e-01, 7.2174e-02, 2.2241e-01, 2.8689e-03],
        [2.7406e-01, 6.0579e-02, 1.8672e-01, 8.2446e-03, 6.1916e-02, 4.0709e-02,
         1.6468e-01, 2.4963e-01, 9.4713e-02, 2.7250e-01, 2.1237e-01, 1.5035e-01,
         1.8954e-01, 6.7998e-02, 1.9756e-01, 3.9944e-01, 9.1556e-02, 1.3848e-01,
         1.9167e-01, 7.8587e-02, 1.0639e-01, 4.4282e-02, 8.0994e-02, 1.8983e-01,
         8.4052e-02, 1.9915e-02, 3.9486e-03, 9.5872e-02, 2.4571e-01, 3.0813e-01],
        [2.1868e-02, 1.7498e-01, 1.5863e-01, 2.4187e-01, 1.6547e-01, 1.8098e-01,
         3.0150e-02, 1.1546e-02, 1.1693e-02, 1.3429e-02, 2.0735e-01, 2.6257e-01,
         4.7002e-03, 3.1363e-01, 2.1133e-02, 8.8893e-03, 3.7806e-01, 7.4429e-02,
         3.6146e-01, 2.2218e-01, 2.7297e-02, 1.1298e-01, 6.9241e-02, 3.0259e-01,
         1.8507e-01, 2.0783e-01, 5.1259e-01, 2.8711e-01, 3.5577e-02, 9.5954e-02],
        [1.4009e-02, 1.8901e-01, 3.0370e-02, 1.9641e-01, 2.3255e-01, 1.9789e-02,
         4.2228e-02, 2.2735e-01, 6.4027e-02, 1.8314e-02, 5.7523e-04, 1.7055e-01,
         1.5284e-01, 1.8137e-01, 3.2169e-01, 4.6182e-02, 6.5840e-02, 1.9512e-02,
         1.4766e-03, 5.8359e-02, 1.4759e-01, 5.5005e-02, 7.2506e-02, 7.8246e-02,
         9.5802e-02, 2.3598e-01, 1.1642e-01, 2.0497e-01, 1.2464e-02, 1.7298e-01],
        [3.1106e-01, 1.4575e-01, 5.2647e-02, 2.0156e-02, 1.0952e-01, 1.0167e-01,
         1.2786e-01, 3.6795e-02, 1.4662e-01, 1.2542e-01, 3.2551e-01, 1.5177e-01,
         4.1094e-02, 1.4242e-01, 3.2087e-01, 6.2934e-02, 1.0523e-01, 3.0413e-01,
         8.7840e-02, 3.4922e-01, 2.4678e-01, 3.3069e-02, 4.9362e-02, 1.7113e-01,
         1.8259e-01, 1.6008e-01, 4.3758e-02, 4.3149e-02, 1.1613e-01, 6.3586e-03],
        [6.9185e-02, 7.3336e-03, 2.0474e-01, 1.4074e-01, 5.6360e-02, 2.4060e-01,
         2.5321e-01, 1.3217e-01, 1.3479e-01, 4.4853e-01, 8.4822e-02, 1.2296e-01,
         2.3544e-02, 1.9628e-01, 2.5083e-01, 1.7224e-01, 5.7208e-01, 1.8687e-01,
         1.8098e-01, 5.3034e-02, 1.9952e-01, 7.2890e-02, 2.0803e-01, 2.1973e-02,
         2.6910e-01, 5.4003e-02, 2.0825e-02, 1.8308e-01, 7.4176e-02, 2.1907e-01],
        [1.4589e-01, 1.2168e-01, 2.9708e-01, 1.3557e-01, 2.7630e-01, 1.2169e-01,
         6.6723e-02, 2.0477e-01, 9.5903e-03, 8.7273e-02, 2.3446e-01, 2.3189e-01,
         4.1504e-01, 7.7911e-03, 1.2068e-01, 1.2865e-01, 8.9497e-02, 2.6080e-02,
         9.4378e-02, 4.3950e-02, 2.0916e-01, 6.1834e-01, 9.9724e-02, 5.1541e-02,
         1.2150e-01, 2.8068e-02, 1.3327e-01, 2.0401e-01, 8.5117e-02, 2.6848e-01],
        [2.8996e-01, 7.2827e-02, 5.7727e-02, 5.1582e-02, 4.2040e-02, 1.2663e-01,
         8.5948e-02, 1.8180e-02, 5.9043e-02, 2.8421e-02, 5.9906e-02, 9.5829e-02,
         1.0725e-01, 1.3417e-02, 1.3929e-01, 1.4316e-01, 2.2781e-01, 1.0771e-01,
         3.3269e-01, 2.6512e-01, 1.4862e-01, 3.7499e-02, 3.2206e-01, 9.4149e-02,
         6.1872e-02, 1.1568e-02, 1.5587e-01, 2.6755e-01, 1.3439e-01, 1.0635e-01]]))
('Jei', tensor(0.0040, dtype=torch.float64))
('Jie', tensor(0.0500, dtype=torch.float64))
('Jii', tensor(0.6000, dtype=torch.float64))
('Jin', tensor(0.0069, dtype=torch.float64))
